3284
2580
736
2427
4074
2625
2871
4073
3777
4072
4071
4024
2720
375
3908
2798
4078
449
2866
2827
3770
995
2977
2456
1207
151
918
234
2467
155
2144
3955
3745
502
2906
182
1807
3224
2107
3271
3486
3659
1857
1925
248
632
3802
3936
2805
3741
4036
34298
2183
3737
590
1869
2346
1980
3256
3579
1373
3636
2595
3445
3066
3446
1896
2806
519
3384
784
1572
1900
1043
2148
4875
1299
1612
1616
3199
3250
3706
3733
1573
582
1757
1329
1330
3749
202
1326
2135
800
2209
3658
1323
3417
1123
844
1023
11345
5994
6209
4230
4226
1474
4915
4601
4595
4179
5464
2104
4363
5077
5272
1570
22549
4600
34491
13370
4214
4326
5542
5546
5372
34125
4346
4360
4235
5544
5539
2493
4180
1037
1613
513
34338
4280
5031
34144
5189
5288
5485
1812
3979
6055
5017
6042
4970
4227
4217
6041
4369
4275
6047
4357
4657
627
3938
2830
4251
4322
6275
4269
5919
4210
6020
5878
6044
5795
6052
6063
5925
1788
6031
6049
5784
6528
4281
6050
5912
6058
6059
6053
6056
2706
1952
6054
5172
5921
5728
2618
5798
4893
6753
4229
897
4176
5023
4264
571
2567
4546
1325
3056
3393
3885
3652
978
1862
1959
4114
731
1808
1582
75
143
2570
1985
5545
4148
1466
1481
1476
1604
239
3080
1412
1813
548
2419
1873
1364
174
769
3600
1681
738
2040
496
357
3238
3051
2709
4079
1074
2252
227
319
178
1641
3525
487
1690
1642
1303
3111
4027
438
1433
765
3585
2628
1640
1009
2534
2259
605
1376
551
3079
2286
1311
373
3369
495
816
427
489
492
2918
662
1923
2910
2139
3451
1185
1331
2603
2001
3962
1643
3368
2433
1636
2225
596
1918
3609
2469
2241
1022
1021
1116
729
1365
2424
1067
2783
1369
1692
1018
1016
893
1338
2657
3524
2214
3361
1729
282
3878
448
3877
2563
3449
807
3067
2914
1557
1768
1688
1718
1046
741
1682
595
82
1073
3649
2796
1860
3048
1230
1176
4603
3654
4892
2549
216
3367
3013
2943
2545
2546
104
1852
1056
2600
5266
349
517
1861
1700
2204
3152
3151
1913
2919
4099
1759
2872
3904
3533
3549
3556
2877
2876
2875
3057
1967
3555
643
3755
3840
2878
1292
2947
2700
1648
4025
3482
8632
141
4252
235
2098
2147
5541
1904
1495
2684
456
385
190
983
2519
1126
688
2211
3809
1866
1272
223
2455
84
1958
4066
2607
552
425
919
2655
3774
3857
288
3601
3622
1867
3663
4507
3906
3827
3608
2754
835
2885
3365
2937
1910
2140
1858
4098
2850
3363
787
212
308
2490
2917
2234
3577
4037
3985
1066
2159
384
2854
1961
3888
2487
499
135
455
2832
2041
1316
92
600
2884
193
194
108
195
4113
3370
1179
197
1683
2863
2180
451
1547
2253
3734
3739
4021
681
2213
3229
2256
1592
3155
1184
1684
1638
1611
1015
4014
2525
5600
4166
4189
4231
5191
4796
6499
4315
4372
4228
85
4164
4469
4421
4237
5787
4245
5986
4236
4825
5749
4268
5173
6425
4846
4907
5371
4224
4358
4396
6919
6364
4223
4293
45
191
2210
4104
4219
4343
5097
4225
4329
4213
4831
4233
3437
4234
4207
4319
189
4687
4564
4378
3462
4238
4408
4437
5455
4175
6689
4172
4197
4119
11458
7997
19647
2865
2756
4457
34186
34132
19989
34348
19842
19845
19678
22760
13928
8231
34349
4286
34241
13063
4780
34345
15307
8175
3720
8435
28219
8414
34312
4345
4499
4761
4370
5524
3562
4406
7750
34461
4371
4331
2207
19836
16833
34790
16435
34292
34234
5516
4341
34192
34309
19009
5046
31607
553
4203
34228
34203
34215
17736
4316
34510
34321
20405
2447
34515
34501
34624
5258
23025
6138
6447
34205
4161
34204
34206
5645
12562
19413
24695
34382
17438
34351
4515
36364
45229
4383
4402
